name: kraken2bracken
channels:
  - bioconda
  - defaults
  - biobakery
dependencies:
  - _libgcc_mutex=0.1=main
  - _openmp_mutex=4.5=1_gnu
  - biom-format=2.1.6=py36_1
  - blas=1.0=mkl
  - blast=2.12.0=pl5262h3289130_0
  - bracken=2.5=py36hc9558a2_2
  - bzip2=1.0.8=h7b6447c_0
  - c-ares=1.18.1=h7f8727e_0
  - ca-certificates=2022.3.29=h06a4308_0
  - certifi=2021.5.30=py36h06a4308_0
  - click=8.0.3=pyhd3eb1b0_0
  - curl=7.80.0=h7f8727e_0
  - entrez-direct=16.2=he881be0_0
  - future=0.18.2=py36_1
  - h5py=2.10.0=py36hd6299e0_1
  - hdf5=1.10.6=hb1b8bf9_0
  - intel-openmp=2022.0.1=h06a4308_3633
  - kraken-biom=1.0.1=py_2
  - kraken2=2.0.7_beta=pl526h2d50403_0
  - krb5=1.19.2=hac12032_0
  - ld_impl_linux-64=2.35.1=h7274673_9
  - libcurl=7.80.0=h0b77cf5_0
  - libedit=3.1.20210910=h7f8727e_0
  - libev=4.33=h7f8727e_1
  - libffi=3.3=he6710b0_2
  - libgcc-ng=9.3.0=h5101ec6_17
  - libgfortran-ng=7.5.0=ha8ba4b0_17
  - libgfortran4=7.5.0=ha8ba4b0_17
  - libgomp=9.3.0=h5101ec6_17
  - libnghttp2=1.46.0=hce63b2e_0
  - libssh2=1.9.0=h1ba5d50_1
  - libstdcxx-ng=9.3.0=hd4cf53a_17
  - mkl=2020.2=256
  - mkl-service=2.3.0=py36he8ac12f_0
  - mkl_fft=1.3.0=py36h54f3939_0
  - mkl_random=1.1.1=py36h0573a6f_0
  - ncurses=6.3=h7f8727e_2
  - numpy=1.19.2=py36h54aff64_0
  - numpy-base=1.19.2=py36hfa32c7d_0
  - openssl=1.1.1n=h7f8727e_0
  - pandas=1.1.5=py36ha9443f7_0
  - pcre=8.45=h295c915_0
  - perl=5.26.2=h14c3975_0
  - perl-archive-tar=2.32=pl526_0
  - perl-carp=1.38=pl526_3
  - perl-common-sense=3.74=pl526_2
  - perl-compress-raw-bzip2=2.087=pl526he1b5a44_0
  - perl-compress-raw-zlib=2.087=pl526hc9558a2_0
  - perl-exporter=5.72=pl526_1
  - perl-exporter-tiny=1.002001=pl526_0
  - perl-extutils-makemaker=7.36=pl526_1
  - perl-io-compress=2.087=pl526he1b5a44_0
  - perl-io-zlib=1.10=pl526_2
  - perl-json=4.02=pl526_0
  - perl-json-xs=2.34=pl526h6bb024c_3
  - perl-list-moreutils=0.428=pl526_1
  - perl-list-moreutils-xs=0.428=pl526_0
  - perl-pathtools=3.75=pl526h14c3975_1
  - perl-scalar-list-utils=1.52=pl526h516909a_0
  - perl-types-serialiser=1.0=pl526_2
  - perl-xsloader=0.24=pl526_0
  - pip=21.2.2=py36h06a4308_0
  - python=3.6.13=h12debd9_1
  - python-dateutil=2.8.2=pyhd3eb1b0_0
  - pytz=2021.3=pyhd3eb1b0_0
  - readline=8.1.2=h7f8727e_1
  - scipy=1.5.2=py36h0b6359f_0
  - setuptools=58.0.4=py36h06a4308_0
  - six=1.16.0=pyhd3eb1b0_1
  - sqlite=3.38.2=hc218d9a_0
  - tk=8.6.11=h1ccaba5_0
  - wheel=0.37.1=pyhd3eb1b0_0
  - xz=5.2.5=h7b6447c_0
  - zlib=1.2.11=h7f8727e_4
